0.000	0.155	1.000
0.049	0.747	0.999
0.098	-0.056	0.995
0.147	-0.502	0.989
0.195	-0.912	0.981
0.243	-0.187	0.970
0.290	-0.481	0.957
0.337	0.035	0.942
0.383	-0.285	0.924
0.428	-0.150	0.904
0.471	0.157	0.882
0.514	-0.707	0.858
0.556	0.289	0.831
0.596	-0.626	0.803
0.634	0.737	0.773
0.672	-0.457	0.741
0.707	0.520	0.707
0.741	-0.675	0.672
0.773	0.686	0.634
0.803	0.821	0.596
0.831	-0.041	0.556
0.858	-0.156	0.514
0.882	-0.879	0.471
0.904	-0.335	0.428
0.924	0.626	0.383
0.942	0.147	0.337
0.957	-0.930	0.290
0.970	0.493	0.243
0.981	-0.092	0.195
0.989	0.265	0.147
0.995	-0.351	0.098
0.999	-0.872	0.049
1.000	-0.886	-0.000
0.999	0.995	-0.049
0.995	0.407	-0.098
0.989	0.926	-0.147
0.981	-0.575	-0.195
0.970	-0.594	-0.243
0.957	0.913	-0.290
0.942	-0.866	-0.337
0.924	-0.817	-0.383
0.904	0.051	-0.428
0.882	0.460	-0.471
0.858	0.192	-0.514
0.831	-0.001	-0.556
0.803	-0.280	-0.596
0.773	-0.556	-0.634
0.741	-0.365	-0.672
0.707	-0.948	-0.707
0.672	-0.237	-0.741
0.634	-0.731	-0.773
0.596	0.391	-0.803
0.556	0.239	-0.831
0.514	-0.604	-0.858
0.471	-0.748	-0.882
0.428	0.763	-0.904
0.383	0.471	-0.924
0.337	0.441	-0.942
0.290	-0.936	-0.957
0.243	0.600	-0.970
0.195	0.967	-0.981
0.147	0.738	-0.989
0.098	0.477	-0.995
0.049	0.493	-0.999
0.000	-0.865	-1.000
-0.049	0.957	-0.999
-0.098	0.992	-0.995
-0.147	-0.359	-0.989
-0.195	-0.415	-0.981
-0.243	0.881	-0.970
-0.290	0.197	-0.957
-0.337	0.681	-0.942
-0.383	-0.988	-0.924
-0.428	-0.991	-0.904
-0.471	0.402	-0.882
-0.514	0.430	-0.858
-0.556	0.963	-0.831
-0.596	0.272	-0.803
-0.634	0.729	-0.773
-0.672	0.045	-0.741
-0.707	0.717	-0.707
-0.741	0.304	-0.672
-0.773	-0.266	-0.634
-0.803	-0.420	-0.596
-0.831	0.055	-0.556
-0.858	-0.580	-0.514
-0.882	0.027	-0.471
-0.904	0.479	-0.428
-0.924	-0.271	-0.383
-0.942	-0.152	-0.337
-0.957	-0.081	-0.290
-0.970	-0.796	-0.243
-0.981	-0.209	-0.195
-0.989	-0.104	-0.147
-0.995	-0.665	-0.098
-0.999	-0.818	-0.049
-1.000	-0.717	0.000
-0.999	0.813	0.049
-0.995	-0.365	0.098
-0.989	0.581	0.147
-0.981	0.761	0.195
-0.970	0.883	0.243
-0.957	-0.843	0.290
-0.942	0.611	0.337
-0.924	0.230	0.383
-0.904	0.344	0.428
-0.882	-0.719	0.471
-0.858	0.150	0.514
-0.831	-0.563	0.556
-0.803	-0.370	0.596
-0.773	0.956	0.634
-0.741	-0.020	0.672
-0.707	0.170	0.707
-0.672	0.280	0.741
-0.634	0.932	0.773
-0.596	-0.911	0.803
-0.556	0.469	0.831
-0.514	-0.546	0.858
-0.471	-0.406	0.882
-0.428	-0.408	0.904
-0.383	0.372	0.924
-0.337	-0.201	0.942
-0.290	-0.192	0.957
-0.243	-0.558	0.970
-0.195	0.035	0.981
-0.147	-0.568	0.989
-0.098	-0.662	0.995
-0.049	0.572	0.999
