Var1
90
90
90
90
90
90
90
90
90
90
90
90
90
90
90
90
90
90
90
90
90
90
90
90
90
90
90
90
90
90
90
90
90
90
90
90
90
90
90
90
90
90
90
90
90
90
90
90
90
90
90
90
90
90
90
90
90
90
90
90
90
90
90
90
90
90
90
90
90
90
90
90
90
90
90
90
90
90
90
90
90
90
90
90
90
90
90
90
90
90
90
90
90
90
90
90
90
90
90
90
90
89.2
88.4
87.6
86.8
86
85.2
84.4
83.6
82.8
82
81.2
80.4
79.6
78.8
78
77.2
76.4
75.6
74.8
74
73.2
72.4
71.6
70.8
70
69.2
68.4
67.6
66.8
66
65.2
64.4
63.6
62.8
62
61.2
60.4
59.6
58.8
58
57.2
56.4
55.6
54.8
54
53.2
52.4
51.6
50.8
50
50
50
50
50
50
50
50
50
50
50
50
50
50
50
50
50
50
50
50
50
50
50
50
50
50
50
50
50
50
50
50
50
50
50
50
50
50
50
50
50
50
50
50
50
50
50
50
50
50
50
48.0392156862745
46.1538461538462
44.3396226415094
42.5925925925926
40.9090909090909
39.2857142857143
37.719298245614
36.2068965517241
34.7457627118644
33.3333333333333
31.9672131147541
30.6451612903226
29.3650793650794
28.125
26.9230769230769
25.7575757575758
24.6268656716418
23.5294117647059
22.463768115942
21.4285714285714
20.4225352112676
19.4444444444444
18.4931506849315
17.5675675675676
16.6666666666667
15.7894736842105
14.9350649350649
14.1025641025641
13.2911392405063
12.5
11.7283950617284
10.9756097560976
10.2409638554217
9.52380952380952
8.82352941176471
8.13953488372093
7.47126436781609
6.81818181818182
6.17977528089888
5.55555555555556
4.94505494505495
4.34782608695652
3.76344086021505
3.19148936170213
2.63157894736842
2.08333333333333
1.54639175257732
1.02040816326531
0.505050505050505
0
-0.505050505050505
-1.02040816326531
-1.54639175257732
-2.08333333333333
-2.63157894736842
-3.19148936170213
-3.76344086021505
-4.34782608695652
-4.94505494505495
-5.55555555555556
-6.17977528089888
-6.81818181818182
-7.47126436781609
-8.13953488372093
-8.82352941176471
-9.52380952380952
-10.2409638554217
-10.9756097560976
-11.7283950617284
-12.5
-13.2911392405063
-14.1025641025641
-14.9350649350649
-15.7894736842105
-16.6666666666667
-17.5675675675676
-18.4931506849315
-19.4444444444444
-20.4225352112676
-21.4285714285714
-22.463768115942
-23.5294117647059
-24.6268656716418
-25.7575757575758
-26.9230769230769
-28.125
-29.3650793650794
-30.6451612903226
-31.9672131147541
-33.3333333333333
-34.7457627118644
-36.2068965517241
-37.719298245614
-39.2857142857143
-40.9090909090909
-42.5925925925926
-44.3396226415094
-46.1538461538462
-48.0392156862745
-50
-50
-50
-50
-50
-50
-50
-50
-50
-50
-50
-50
-50
-50
-50
-50
-50
-50
-50
-50
-50
-50
-50
-50
-50
-50
-50
-50
-50
-50
-50
-50
-50
-50
-50
-50
-50
-50
-50
-50
-50
-50
-50
-50
-50
-50
-50
-50
-50
-50
-50
-50.8
-51.6
-52.4
-53.2
-54
-54.8
-55.6
-56.4
-57.2
-58
-58.8
-59.6
-60.4
-61.2
-62
-62.8
-63.6
-64.4
-65.2
-66
-66.8
-67.6
-68.4
-69.2
-70
-70.8
-71.6
-72.4
-73.2
-74
-74.8
-75.6
-76.4
-77.2
-78
-78.8
-79.6
-80.4
-81.2
-82
-82.8
-83.6
-84.4
-85.2
-86
-86.8
-87.6
-88.4
-89.2
-90
-90
-90
-90
-90
-90
-90
-90
-90
-90
-90
-90
-90
-90
-90
-90
-90
-90
-90
-90
-90
-90
-90
-90
-90
-90
-90
-90
-90
-90
-90
-90
-90
-90
-90
-90
-90
-90
-90
-90
-90
-90
-90
-90
-90
-90
-90
-90
-90
-90
-90
-90
-90
-90
-90
-90
-90
-90
-90
-90
-90
-90
-90
-90
-90
-90
-90
-90
-90
-90
-90
-90
-90
-90
-90
-90
-90
-90
-90
-90
-90
-90
-90
-90
-90
-90
-90
-90
-90
-90
-90
-90
-90
-90
-90
-90
-90
-90
-90
-90
-90
